QAM Map File:  Gray Encoded    (Rev. 4/27/00)
4pam
0 1 3 2

8pam
0 1 3 2 6 7 5 4

16pam
0 1 3 2 6 7 5 4 12 13 15 14 10 11 9 8

16qam
 2  3  1  0
 6  7  5  4
14 15 13 12
10 11  9  8

64qam
 4  5  7  6  2  3  1  0
12 13 15 14 10 11  9  8
28 29 31 30 26 27 25 24
20 21 23 22 18 19 17 16
52 53 55 54 50 51 49 48
60 61 63 62 58 59 57 56
44 45 47 46 42 43 41 40
36 37 39 38 34 35 33 32

256qam
  8   9  11  10  14  15  13  12   4   5   7   6   2   3   1   0
 24  25  27  26  30  31  29  28  20  21  23  22  18  19  17  16
 56  57  59  58  62  63  61  60  52  53  55  54  50  51  49  48
 40  41  43  42  46  47  45  44  36  37  39  38  34  35  33  32
104 105 107 106 110 111 109 108 100 101 103 102  98  99  97  96
120 121 123 122 126 127 125 124 116 117 119 118 114 115 113 112
 88  89  91  90  94  95  93  92  84  85  87  86  82  83  81  80
 72  73  75  74  78  79  77  76  68  69  71  70  66  67  65  64
200 201 203 202 206 207 205 204 196 197 199 198 194 195 193 192
216 217 219 218 222 223 221 220 212 213 215 214 210 211 209 208
248 249 251 250 254 255 253 252 244 245 247 246 242 243 241 240
232 233 235 234 238 239 237 236 228 229 231 230 226 227 225 224
168 169 171 170 174 175 173 172 164 165 167 166 162 163 161 160
184 185 187 186 190 191 189 188 180 181 183 182 178 179 177 176
152 153 155 154 158 159 157 156 148 149 151 150 146 147 145 144
136 137 139 138 142 143 141 140 132 133 135 134 130 131 129 128
